1교시 A형
민법
2
2
5
3
5
4
2
5
4
6
1
7
1
8
5
9
10
4
11
5
12
4
13
3
14
2
15
1
16
2
17
5
18
4
19
2
20
3
21
3
22
5
23
2
24
1
25
4
26
27
3
28
29
3
30
5
31
3
32
2
33
4
34
5
35
2
36
2
37
5
38
4
39
3
40
경제원론 41
3
42
2
43
2
44
45
4
46
47
5
48
4
49
5
50
51
4
52
3
53
5
54
2
55
3
56
57
5
58
5
59
2
60
4
61
2
62
3
63
3
64
1
65
2
66
3
67
4
68
3
69
5
70
2
71
1
72
4
73
5
74
3
75
2
76
4
77
5
78
2
79
80
5
한국산업인력공단 HUYAHRESOUROSDtIaOPRGTSBCOXOR다
2015.0구, 5302165page(lEA) 이공석준
1교시 B형
민법
5
2
2
3
5
4    4
5
2
6
7
5
8
9
10
5
11
4
12
4
13
2
14
2
15
1
16
3
17
5
18
2
19
3
20
4
21
3
22
2
23
5
24
25
26
4
27
3
28
29
3
30
3
31
2
32
5
33
4
34
5
35
5
36
2
37
2
38
3
39
4
40
경제원론 41
2
42
3
43
2
44
45
46
4
47
5
48
4
49
50
5
51
4
52
5
53
2
54
3
55
3
56
5
57
58
5
59
4
60
2
61
2
62
3
63
3
64
터
65
3
66
3
67
4
68
2
69
5
70
3
71
1
72
'4
73
5
74
2
75
2
76
4
77
2
78
79
5
80
5
한국산업인력공단 HUHAHMESCURCBUEaDPHBT :VGOFKORIA
2015.07,5602청65page(-1P) 이공석준
2교시 A형
부동산관계법규 3
2
2
3
5
4
3
5
2
6
4
7
4
8
2
9
5
10
4
11
1
12
1
13
2
14
3
15
5
16
5
17
5
18
1
19
2
20
1
21
2
22
4
23
3
24
1
25
26
3
27
4
28
29
4
30
3
31
3
32
5
33
2
34
4
35
5
36
3
37
5
38
3
39
4
40
4
회계학 41
5
42
5
43
2
44
2
45
5
46
3
47
48
49
5
50
3
51
2
52
3
53
4
54
2
55
3
56
2
57
4
58
4
59
2
60
4
61
1
62
3
63
64
4
65
4
66
3
67
2
68
2
69
1
70
5
71
5
72
5
73
1
74
3
75
1
76
4
77
1
78
3
79
4
80
2
한국산업인력공단 HIMAHRUSUURCBSDEBOFTETTSWVGOFKDIIA
2015.02,9603/165p9ge(A) 이공석준
2교시 B형
부동산관계법규 4
2
2
3
5
4
3
5
2
6
3
7
'4
8
' 1
9
5
10
4
11
2
12
3
13
2
14
1
15
5
16
5
17
5
18
4
19
2
20
1
21
2
22
23
3
24
1
25
4
26
3
27
28
29
4
30
5
31
3
32
3
33
4
34
2
35
5
36
3
37
4
38
3
39
5
40
4
회계학 41
5
42
5
43
2
44
3
45
5
46
2
47

48
49
2
50
3
51
5
52
3
53
4
54
2
55
3
56
2
57
4
58
4
59
2
60
4
61
62
3
63
1
64
3
65
4
66
4
67
2
68
2
69
70
5
71
5
72
5
73
1
74
4
75
76
3
77
78
4
79
3
80
2
한국산업인력공단 HJMANRBJOUICB DaOPHETT-VGOKO:A
2015.070 56037l65Pege(BH) 이공석준