1교시 A형
민법
2
4
3
4
5
5
4
6
3
7
4
8
3
9
4
10
11
2
12
5
13
3
14
5
15
4
16
1
17
4
18
4
19
3
20
1
21
3
22
2
23
1
24
3
25 30
5
26
2
27
2
28
2
29
3
4
31
32
4
33
2
34
5
35
3
36
5
37
2
38
5
39
5
40
3
경제학원론 41
42
4
43
2
44
3
45
2
46
3
47
4
48
4
49
4
50
4
51
2
52
1
53
5
54
3
55
1
56
57
4
58
5
59
1
60
3
61
3
62
5
63
1
64
3
65
3
66
3
67
3
68
5
69
2
70
2
71
2
72
2
73
5
74
2
75
3
76
5
77
78
2
79
1
80
4
부동산학원론 81 5
82
2
83
2
84
2
85
3
86
4
87
88
2
89
90
4
91
5
92
3
93
4
94
3
95
4
96
5
97
5
98
2
99
5
100
1
101
3
102
4
103
104
105
5
106
2
107
4
108
3
109
110
5
111
3
112
2
113
114
3
115
2
116
117
2
118
119
4
120
3
한국산업인력공단 HUMAN RESOU*CES UEVELOPMENTSERVICEOFKORtA